"Course Syllabus
Home
Modules
People
Collaborations
Attendance
Files
My Media
Media Gallery
Outcomes
Announcements
Conferences
Assignments
Grades
Discussions
Course Summary:
Date
Details
Tue Aug 4, 2015
tGroup Appointments
Wed Aug 5, 2015
Test Review Questions
Mon Mar 28, 2016
Test Review Groups
Thu Jul 14, 2016
Test Review Appointments
Fri Jul 22, 2016
Ei Ethical Dilemmas in Nursing
Sun Jul 31, 2016
Eli Civil War Research Paper
Sat Nov 19,2016
Test Review Questions
Quizzes
Pages
Chat
Syllabus
Thu Jan 12, 2017
Lunch Appointments
Ei API Text Entry 2
Ei Test AP
Google Drive
Fri Mar 24, 2017
"
bounds: (15,27),(560,27),(560,659),(15,659)

"Course"
bounds: (184,27),(259,27),(259,45),(184,45)

"Syllabus"
bounds: (268,27),(355,27),(355,48),(268,48)

"Home"
bounds: (16,29),(51,31),(51,40),(16,38)

"Modules"
bounds: (15,63),(66,63),(66,73),(15,73)

"People"
bounds: (16,94),(55,97),(54,109),(15,106)

"Collaborations"
bounds: (15,131),(102,131),(102,141),(15,141)

"Attendance"
bounds: (15,165),(84,165),(84,175),(15,175)

"Files"
bounds: (15,199),(41,197),(42,208),(16,210)

"My"
bounds: (15,233),(33,234),(33,244),(15,243)

"Media"
bounds: (38,232),(75,234),(75,244),(38,242)

"Media"
bounds: (16,267),(51,267),(51,277),(16,277)

"Gallery"
bounds: (56,267),(99,267),(99,278),(56,278)

"Outcomes"
bounds: (15,301),(77,301),(77,311),(15,311)

"Announcements"
bounds: (15,335),(114,335),(114,345),(15,345)

"Conferences"
bounds: (15,369),(90,369),(90,379),(15,379)

"Assignments"
bounds: (15,403),(91,403),(91,415),(15,415)

"Grades"
bounds: (15,436),(57,436),(57,447),(15,447)

"Discussions"
bounds: (15,471),(85,471),(85,480),(15,480)

"Course"
bounds: (184,126),(259,126),(259,139),(184,139)

"Summary:"
bounds: (268,126),(375,126),(375,142),(268,142)

"Date"
bounds: (191,187),(219,189),(218,199),(190,197)

"Details"
bounds: (359,186),(400,187),(400,197),(359,196)

"Tue"
bounds: (190,223),(210,223),(210,233),(190,233)

"Aug"
bounds: (215,223),(238,223),(238,235),(215,235)

"4,"
bounds: (243,223),(253,223),(253,234),(243,234)

"2015"
bounds: (258,223),(289,223),(289,233),(258,233)

"tGroup"
bounds: (366,220),(425,220),(425,238),(366,238)

"Appointments"
bounds: (433,220),(515,220),(515,238),(433,238)

"Wed"
bounds: (190,270),(217,270),(217,280),(190,280)

"Aug"
bounds: (222,270),(245,270),(245,282),(222,282)

"5,"
bounds: (251,270),(260,270),(260,281),(251,281)

"2015"
bounds: (265,270),(296,270),(296,280),(265,280)

"Test"
bounds: (390,270),(414,270),(414,280),(390,280)

"Review"
bounds: (419,270),(462,270),(462,280),(419,280)

"Questions"
bounds: (467,270),(529,270),(529,282),(467,282)

"Mon"
bounds: (190,317),(216,317),(216,327),(190,327)

"Mar"
bounds: (221,317),(245,317),(245,327),(221,327)

"28,"
bounds: (250,317),(268,317),(268,328),(250,328)

"2016"
bounds: (273,317),(304,317),(304,327),(273,327)

"Test"
bounds: (390,316),(414,316),(414,326),(390,326)

"Review"
bounds: (419,316),(462,316),(462,326),(419,326)

"Groups"
bounds: (466,316),(510,316),(510,328),(466,328)

"Thu"
bounds: (190,364),(212,364),(212,374),(190,374)

"Jul"
bounds: (216,364),(232,364),(232,374),(216,374)

"14,"
bounds: (238,364),(255,364),(255,375),(238,375)

"2016"
bounds: (260,364),(292,364),(292,374),(260,374)

"Test"
bounds: (390,364),(414,364),(414,374),(390,374)

"Review"
bounds: (419,364),(462,364),(462,374),(419,374)

"Appointments"
bounds: (467,364),(553,364),(553,376),(467,376)

"Fri"
bounds: (191,411),(204,411),(204,421),(191,421)

"Jul"
bounds: (208,411),(224,411),(224,421),(208,421)

"22,"
bounds: (229,411),(247,411),(247,421),(229,421)

"2016"
bounds: (252,411),(284,411),(284,420),(252,420)

"Ei"
bounds: (365,410),(378,410),(378,421),(365,421)

"Ethical"
bounds: (390,410),(429,410),(429,420),(390,420)

"Dilemmas"
bounds: (435,410),(492,410),(492,420),(435,420)

"in"
bounds: (497,411),(508,411),(508,420),(497,420)

"Nursing"
bounds: (514,410),(560,410),(560,423),(514,423)

"Sun"
bounds: (190,458),(211,458),(211,468),(190,468)

"Jul"
bounds: (216,458),(232,458),(232,468),(216,468)

"31,"
bounds: (237,458),(254,458),(254,469),(237,469)

"2016"
bounds: (259,458),(291,458),(291,468),(259,468)

"Eli"
bounds: (366,458),(378,458),(378,470),(366,470)

"Civil"
bounds: (386,458),(416,458),(416,470),(386,470)

"War"
bounds: (419,458),(444,458),(444,470),(419,470)

"Research"
bounds: (449,458),(502,458),(502,470),(449,470)

"Paper"
bounds: (508,458),(541,458),(541,470),(508,470)

"Sat"
bounds: (190,505),(208,505),(208,515),(190,515)

"Nov"
bounds: (213,505),(237,505),(237,515),(213,515)

"19,2016"
bounds: (242,505),(296,505),(296,515),(242,515)

"Test"
bounds: (390,504),(414,504),(414,514),(390,514)

"Review"
bounds: (419,504),(462,504),(462,514),(419,514)

"Questions"
bounds: (466,504),(528,504),(528,514),(466,514)

"Quizzes"
bounds: (15,507),(62,507),(62,517),(15,517)

"Pages"
bounds: (16,539),(50,542),(49,553),(15,550)

"Chat"
bounds: (15,573),(42,573),(42,583),(15,583)

"Syllabus"
bounds: (15,606),(64,606),(64,619),(15,619)

"Thu"
bounds: (190,552),(212,552),(212,562),(190,562)

"Jan"
bounds: (216,552),(236,552),(236,562),(216,562)

"12,"
bounds: (242,552),(259,552),(259,562),(242,562)

"2017"
bounds: (264,552),(295,552),(295,562),(264,562)

"Lunch"
bounds: (391,552),(426,552),(426,562),(391,562)

"Appointments"
bounds: (430,552),(517,552),(517,564),(430,564)

"Ei"
bounds: (366,598),(379,598),(379,610),(366,610)

"API"
bounds: (390,598),(410,598),(410,608),(390,608)

"Text"
bounds: (415,598),(440,598),(440,608),(415,608)

"Entry"
bounds: (445,599),(476,599),(476,611),(445,611)

"2"
bounds: (481,599),(488,599),(488,609),(481,609)

"Ei"
bounds: (365,631),(379,631),(379,642),(365,642)

"Test"
bounds: (386,631),(413,631),(413,642),(386,642)

"AP"
bounds: (418,631),(432,631),(432,642),(418,642)

"Google"
bounds: (15,644),(57,644),(57,653),(15,653)

"Drive"
bounds: (62,644),(94,644),(94,651),(62,651)

"Fri"
bounds: (190,648),(203,648),(203,657),(190,657)

"Mar"
bounds: (209,648),(233,648),(233,658),(209,658)

"24,"
bounds: (237,648),(255,648),(255,659),(237,659)

"2017"
bounds: (260,648),(292,648),(292,658),(260,658)