"Fri Mar 28, 2014 Unit 2 Quiz
Tue Aug 26, 2014 Introductions
Thu Aug 28, 2014 Information Survey
Wed Sep 3, 2014 Course Evaluation
Fri Sep 5, 2014 Introduce Yourself
Fri Sep 12, 2014 Unit 1 Assignment
Thu Sep 18, 2014 Unit 1 Discussion
Fri Sep 19,2014 Unit 2 Assignment
Tue Sep 23, 2014 Unit 1 Quiz
Fri Sep 26, 2014 Unit 2 Discussion
due by 11:59pm
due by 11:59pm
due by 11:59pm
due by 11:59pm
due by 11:59pm
due by 11:59pm
due by 11:59pm
due by 11:59pm
due by 11:59pm
due by 11:59pm
"
bounds: (22,43),(463,43),(463,287),(22,287)

"Fri"
bounds: (23,43),(34,43),(34,51),(23,51)

"Mar"
bounds: (39,43),(57,43),(57,51),(39,51)

"28,"
bounds: (61,44),(74,44),(74,51),(61,51)

"2014"
bounds: (78,44),(101,44),(101,51),(78,51)

"Unit"
bounds: (114,43),(138,43),(138,52),(114,52)

"2"
bounds: (142,43),(149,43),(149,52),(142,52)

"Quiz"
bounds: (153,43),(180,43),(180,52),(153,52)

"Tue"
bounds: (23,70),(40,70),(40,78),(23,78)

"Aug"
bounds: (44,70),(63,70),(63,80),(44,80)

"26,"
bounds: (67,70),(80,70),(80,79),(67,79)

"2014"
bounds: (84,70),(107,70),(107,78),(84,78)

"Introductions"
bounds: (114,69),(195,69),(195,79),(114,79)

"Thu"
bounds: (23,95),(40,95),(40,103),(23,103)

"Aug"
bounds: (44,95),(63,95),(63,105),(44,105)

"28,"
bounds: (67,95),(82,95),(82,105),(67,105)

"2014"
bounds: (87,95),(107,95),(107,105),(87,105)

"Information"
bounds: (114,95),(184,95),(184,104),(114,104)

"Survey"
bounds: (188,95),(230,95),(230,106),(188,106)

"Wed"
bounds: (22,122),(44,122),(44,129),(22,129)

"Sep"
bounds: (48,121),(66,121),(66,131),(48,131)

"3,"
bounds: (70,122),(77,122),(77,130),(70,130)

"2014"
bounds: (81,122),(104,122),(104,129),(81,129)

"Course"
bounds: (114,121),(157,121),(157,130),(114,130)

"Evaluation"
bounds: (162,121),(225,121),(225,130),(162,130)

"Fri"
bounds: (23,147),(34,147),(34,157),(23,157)

"Sep"
bounds: (37,147),(54,147),(54,157),(37,157)

"5,"
bounds: (61,147),(68,147),(68,157),(61,157)

"2014"
bounds: (71,147),(93,147),(93,157),(71,157)

"Introduce"
bounds: (102,147),(170,147),(170,157),(102,157)

"Yourself"
bounds: (177,147),(225,147),(225,157),(177,157)

"Fri"
bounds: (23,174),(34,174),(34,182),(23,182)

"Sep"
bounds: (38,174),(56,174),(56,184),(38,184)

"12,"
bounds: (61,174),(74,174),(74,183),(61,183)

"2014"
bounds: (78,174),(101,174),(101,182),(78,182)

"Unit"
bounds: (114,174),(139,174),(139,183),(114,183)

"1"
bounds: (143,174),(147,174),(147,183),(143,183)

"Assignment"
bounds: (153,174),(226,174),(226,185),(153,185)

"Thu"
bounds: (22,200),(40,200),(40,207),(22,207)

"Sep"
bounds: (44,200),(62,200),(62,209),(44,209)

"18,"
bounds: (67,200),(81,200),(81,209),(67,209)

"2014"
bounds: (86,200),(107,200),(107,209),(86,209)

"Unit"
bounds: (114,199),(138,199),(138,209),(114,209)

"1"
bounds: (143,200),(147,200),(147,208),(143,208)

"Discussion"
bounds: (154,199),(220,199),(220,209),(154,209)

"Fri"
bounds: (23,226),(34,226),(34,234),(23,234)

"Sep"
bounds: (38,226),(57,226),(57,235),(38,235)

"19,2014"
bounds: (61,226),(101,226),(101,235),(61,235)

"Unit"
bounds: (114,225),(138,225),(138,235),(114,235)

"2"
bounds: (142,225),(149,225),(149,235),(142,235)

"Assignment"
bounds: (153,225),(225,225),(225,237),(153,237)

"Tue"
bounds: (22,252),(40,252),(40,259),(22,259)

"Sep"
bounds: (44,252),(63,252),(63,261),(44,261)

"23,"
bounds: (66,252),(81,252),(81,261),(66,261)

"2014"
bounds: (86,252),(107,252),(107,261),(86,261)

"Unit"
bounds: (114,251),(138,251),(138,261),(114,261)

"1"
bounds: (143,252),(147,252),(147,260),(143,260)

"Quiz"
bounds: (154,251),(181,251),(181,261),(154,261)

"Fri"
bounds: (23,278),(34,278),(34,285),(23,285)

"Sep"
bounds: (38,278),(56,278),(56,287),(38,287)

"26,"
bounds: (60,278),(74,278),(74,287),(60,287)

"2014"
bounds: (78,278),(101,278),(101,285),(78,285)

"Unit"
bounds: (114,277),(138,277),(138,287),(114,287)

"2"
bounds: (143,278),(149,278),(149,287),(143,287)

"Discussion"
bounds: (154,277),(220,277),(220,287),(154,287)

"due"
bounds: (399,45),(412,45),(412,51),(399,51)

"by"
bounds: (416,45),(425,45),(425,53),(416,53)

"11:59pm"
bounds: (429,45),(462,45),(462,53),(429,53)

"due"
bounds: (399,71),(413,71),(413,77),(399,77)

"by"
bounds: (416,71),(425,71),(425,79),(416,79)

"11:59pm"
bounds: (429,71),(463,71),(463,79),(429,79)

"due"
bounds: (399,97),(413,97),(413,103),(399,103)

"by"
bounds: (416,97),(425,97),(425,105),(416,105)

"11:59pm"
bounds: (429,97),(463,97),(463,105),(429,105)

"due"
bounds: (399,123),(413,123),(413,129),(399,129)

"by"
bounds: (416,123),(425,123),(425,131),(416,131)

"11:59pm"
bounds: (429,123),(463,123),(463,131),(429,131)

"due"
bounds: (399,149),(412,149),(412,155),(399,155)

"by"
bounds: (416,149),(425,149),(425,157),(416,157)

"11:59pm"
bounds: (429,149),(462,149),(462,157),(429,157)

"due"
bounds: (399,175),(412,175),(412,181),(399,181)

"by"
bounds: (416,175),(425,175),(425,183),(416,183)

"11:59pm"
bounds: (429,175),(463,175),(463,183),(429,183)

"due"
bounds: (399,201),(412,201),(412,207),(399,207)

"by"
bounds: (416,201),(425,201),(425,209),(416,209)

"11:59pm"
bounds: (429,201),(462,201),(462,209),(429,209)

"due"
bounds: (399,227),(412,227),(412,233),(399,233)

"by"
bounds: (416,227),(425,227),(425,235),(416,235)

"11:59pm"
bounds: (429,227),(463,227),(463,235),(429,235)

"due"
bounds: (399,253),(412,253),(412,259),(399,259)

"by"
bounds: (416,253),(425,253),(425,261),(416,261)

"11:59pm"
bounds: (429,253),(463,253),(463,261),(429,261)

"due"
bounds: (399,279),(412,279),(412,285),(399,285)

"by"
bounds: (416,279),(425,279),(425,287),(416,287)

"11:59pm"
bounds: (429,279),(462,279),(462,287),(429,287)